-7.00000 0.00000 0.00000 1.57080 -0.00000 -1.57080
-6.89365 -1.21554 0.00000 1.57080 -0.00000 -1.39626
-6.57785 -2.39414 0.00000 1.57080 -0.00000 -1.22173
-6.06218 -3.50000 0.00000 1.57080 -0.00000 -1.04720
-5.36231 -4.49951 0.00000 1.57080 -0.00000 -0.87266
-4.49951 -5.36231 0.00000 1.57080 -0.00000 -0.69813
-3.50000 -6.06218 0.00000 1.57080 -0.00000 -0.52360
-2.39414 -6.57785 0.00000 1.57080 -0.00000 -0.34907
-1.21554 -6.89365 0.00000 1.57080 -0.00000 -0.17453
0.00000 -7.00000 0.00000 1.57080 -0.00000 0.00000
1.21554 -6.89365 0.00000 1.57080 -0.00000 0.17453
2.39414 -6.57785 0.00000 1.57080 -0.00000 0.34907
3.50000 -6.06218 0.00000 1.57080 -0.00000 0.52360
4.49951 -5.36231 0.00000 1.57080 -0.00000 0.69813
5.36231 -4.49951 0.00000 1.57080 -0.00000 0.87266
6.06218 -3.50000 0.00000 1.57080 -0.00000 1.04720
6.57785 -2.39414 0.00000 1.57080 -0.00000 1.22173
6.89365 -1.21554 0.00000 1.57080 -0.00000 1.39626
7.00000 0.00000 0.00000 1.57080 -0.00000 1.57080